GRID mm;
SET OPTIMIZING OFF;
SET UNDO_LOG OFF;
SET WIRE_BEND 2;
LAYER 101 outmil1;
SET FILL_LAYER 101 Interleave;
LAYER 102 outmil2;
SET FILL_LAYER 102 Interleave;
LAYER 103 outmil3;
SET FILL_LAYER 103 Interleave;
CHANGE LAYER 101;

CHANGE WIDTH 0.2000;
WIRE (39.0785 -0.5430) (38.4830 -1.1385)
(-0.3830 -1.1385)
(-0.9785 -0.5430)
(-0.9785 38.6430)
(-0.3830 39.2385)
(38.4830 39.2385)
(39.0785 38.6430)
(39.0785 -0.5430);
WIRE (35.4567 23.0733) (35.4567 23.4086)
(33.7251 25.1401)
(33.7549 25.1699)
(33.7549 27.4080)
(33.2500 27.9129)
(32.5359 27.9129)
(32.0310 27.4080)
(32.0310 25.1699)
(32.5359 24.6650)
(33.0556 24.6650)
(34.6472 23.0733)
(34.6472 14.2646)
(31.7855 11.4029)
(30.3769 11.4029)
(29.8720 10.8980)
(29.8720 10.1839)
(30.3769 9.6790)
(32.6150 9.6790)
(33.1199 10.1839)
(33.1199 10.8980)
(32.7726 11.2452)
(35.4567 13.9293)
(35.4567 14.2646)
(35.4567 23.0733);
WIRE (6.1219 11.5515) (6.1219 12.0412)
(9.7596 12.0412)
(10.0736 12.0412)
(10.0784 12.0460)
(10.7334 12.0460)
(10.7919 12.1045)
(10.7919 12.7874)
(10.7334 12.8459)
(10.0784 12.8459)
(10.0736 12.8507)
(9.7596 12.8507)
(6.1219 12.8507)
(6.1219 13.1344)
(6.0634 13.1929)
(3.0805 13.1929)
(3.0220 13.1344)
(3.0220 11.5515)
(3.0805 11.4930)
(6.0634 11.4930)
(6.1219 11.5515);
WIRE (6.1219 16.1344) (6.0634 16.1929)
(3.0805 16.1929)
(3.0220 16.1344)
(3.0220 14.5515)
(3.0805 14.4930)
(5.6220 14.4930)
(6.0649 14.0636)
(6.5802 13.5483)
(6.8173 13.3112)
(9.7596 13.3112)
(9.8196 13.3112)
(9.8244 13.3160)
(10.7334 13.3160)
(10.7919 13.3745)
(10.7919 14.0574)
(10.7334 14.1159)
(9.8244 14.1159)
(9.8196 14.1207)
(9.7596 14.1207)
(7.1526 14.1207)
(6.5176 14.7557)
(6.5139 14.7557)
(6.1219 15.1357)
(6.1219 16.1344);
WIRE (6.1219 17.1395) (6.1219 17.3752)
(6.5633 17.3752)
(6.8342 17.1043)
(6.8342 15.7073)
(7.0713 15.4702)
(7.9603 14.5812)
(8.2956 14.5812)
(9.7596 14.5812)
(9.7644 14.5860)
(10.7334 14.5860)
(10.7919 14.6445)
(10.7919 15.3274)
(10.7334 15.3859)
(9.7644 15.3859)
(9.7596 15.3907)
(8.2956 15.3907)
(7.6437 16.0426)
(7.6437 17.1043)
(7.6437 17.4396)
(7.1357 17.9476)
(6.8986 18.1847)
(6.1219 18.1847)
(6.1219 18.7224)
(6.0634 18.7809)
(3.0805 18.7809)
(3.0220 18.7224)
(3.0220 17.1395)
(3.0805 17.0810)
(6.0634 17.0810)
(6.1219 17.1395);
WIRE (6.1219 7.4395) (6.1219 9.0224)
(6.0634 9.0809)
(5.9702 9.0809)
(7.6606 10.7712)
(9.7596 10.7712)
(9.7644 10.7760)
(10.7334 10.7760)
(10.7919 10.8345)
(10.7919 11.5174)
(10.7334 11.5759)
(9.7644 11.5759)
(9.7596 11.5807)
(7.6606 11.5807)
(7.3253 11.5807)
(4.8255 9.0809)
(3.0805 9.0809)
(3.0220 9.0224)
(3.0220 7.4395)
(3.0805 7.3810)
(6.0634 7.3810)
(6.1219 7.4395);
WIRE (20.5999 18.6155) (20.5999 20.1984)
(20.5414 20.2569)
(19.0737 20.2569)
(19.0737 21.1094)
(19.3456 21.1094)
(19.4041 21.1679)
(19.4041 23.4352)
(19.3456 23.4937)
(18.1959 23.4937)
(18.1374 23.4352)
(18.1374 21.1679)
(18.1959 21.1094)
(18.2642 21.1094)
(18.2642 20.2569)
(17.5585 20.2569)
(17.5000 20.1984)
(17.5000 20.0897)
(16.4236 20.0897)
(13.8667 22.6466)
(13.8667 26.6293)
(14.1376 26.9002)
(25.5676 26.9002)
(25.8047 27.1373)
(27.0916 28.4242)
(34.2493 28.4242)
(34.9183 27.7553)
(34.5710 27.4080)
(34.5710 25.1699)
(35.0759 24.6650)
(35.7900 24.6650)
(35.7916 24.6667)
(35.9172 24.4155)
(35.9172 3.3426)
(34.3763 1.8017)
(27.9203 1.8017)
(27.5139 2.2081)
(27.0662 2.2081)
(26.0587 3.2156)
(26.0587 7.1983)
(26.0587 7.5336)
(23.6457 9.9466)
(23.6457 12.0386)
(23.6409 12.0434)
(23.6409 13.0124)
(23.5824 13.0709)
(22.8995 13.0709)
(22.8410 13.0124)
(22.8410 12.0434)
(22.8362 12.0386)
(22.8362 9.6113)
(23.0733 9.3742)
(25.2492 7.1983)
(25.2492 2.8803)
(25.4863 2.6432)
(26.3818 1.7478)
(26.3668 1.7329)
(26.3668 1.0610)
(26.8420 0.5858)
(27.5139 0.5858)
(27.9203 0.9922)
(34.7116 0.9922)
(34.9487 1.2293)
(36.7267 3.0073)
(36.7267 3.3426)
(36.7267 24.6786)
(36.6546 24.7507)
(36.2949 25.4700)
(36.2949 27.4080)
(35.8377 27.8652)
(35.8377 27.9806)
(35.6006 28.2177)
(34.5846 29.2337)
(34.2493 29.2337)
(27.0916 29.2337)
(26.7563 29.2337)
(25.2323 27.7097)
(13.8023 27.7097)
(13.5652 27.4726)
(13.0572 26.9646)
(13.0572 26.6293)
(13.0572 22.3113)
(13.2943 22.0742)
(16.0883 19.2802)
(16.4236 19.2802)
(17.5000 19.2802)
(17.5000 18.6155)
(17.5585 18.5570)
(20.5414 18.5570)
(20.5999 18.6155);
WIRE (23.6409 5.5295) (23.6409 6.6084)
(23.6457 6.6440)
(23.6457 6.8386)
(23.6409 6.8433)
(23.6409 7.8124)
(23.5824 7.8709)
(22.8995 7.8709)
(22.8410 7.8124)
(22.8410 6.7333)
(22.8269 6.6277)
(22.3850 6.6277)
(22.3757 6.6977)
(22.3757 6.8386)
(22.3709 6.8433)
(22.3709 7.8124)
(22.3124 7.8709)
(21.6295 7.8709)
(21.5710 7.8124)
(21.5710 6.8433)
(21.5662 6.8386)
(21.5662 6.6440)
(21.5662 4.1045)
(18.8824 1.4207)
(5.1206 1.4207)
(2.1827 4.3586)
(2.1827 24.9783)
(3.9776 26.7732)
(8.0873 26.7732)
(8.8181 26.0424)
(8.7780 26.0024)
(8.7780 23.0195)
(8.8365 22.9610)
(10.4194 22.9610)
(10.4779 23.0195)
(10.4779 24.1062)
(11.1120 24.1062)
(11.1120 23.0195)
(11.1705 22.9610)
(11.6602 22.9610)
(11.6602 20.2793)
(11.8973 20.0422)
(14.0137 17.9259)
(13.6505 17.9259)
(13.5920 17.8674)
(13.5920 17.1845)
(13.6505 17.1260)
(14.6195 17.1260)
(14.6243 17.1212)
(14.9596 17.1212)
(14.9644 17.1260)
(15.9334 17.1260)
(15.9919 17.1845)
(15.9919 17.5022)
(21.1683 17.5022)
(21.5036 17.5022)
(24.1563 20.1550)
(27.0814 20.1550)
(27.1399 20.2135)
(27.1399 21.6964)
(27.0814 21.7549)
(24.0269 21.7549)
(24.0269 23.4344)
(23.9684 23.4929)
(22.8187 23.4929)
(22.7602 23.4344)
(22.7602 21.1671)
(22.8187 21.1086)
(22.9632 21.1086)
(22.9632 20.7873)
(23.2003 20.5502)
(23.3396 20.5502)
(23.3985 20.5418)
(21.1683 18.3117)
(14.7726 18.3117)
(12.4697 20.6146)
(12.4697 22.9610)
(12.7534 22.9610)
(12.8119 23.0195)
(12.8119 26.0024)
(12.7534 26.0609)
(11.1705 26.0609)
(11.1120 26.0024)
(11.1120 24.9157)
(10.4779 24.9157)
(10.4779 26.0024)
(10.4194 26.0609)
(9.6757 26.0609)
(9.6757 26.3296)
(8.6597 27.3456)
(8.4226 27.5827)
(3.9776 27.5827)
(3.6423 27.5827)
(1.6103 25.5507)
(1.3732 25.3136)
(1.3732 4.3586)
(1.3732 4.0233)
(4.5482 0.8483)
(4.7853 0.6112)
(19.2176 0.6112)
(19.4547 0.8483)
(19.4547 0.8484)
(22.1385 3.5322)
(22.1386 3.5322)
(22.3757 3.7693)
(22.3757 5.8182)
(22.8410 5.8182)
(22.8410 5.5295)
(22.8995 5.4710)
(23.5824 5.4710)
(23.6409 5.5295);
WIRE (22.3709 10.7295) (22.3709 13.0124)
(22.3124 13.0709)
(21.6295 13.0709)
(21.5710 13.0124)
(21.5710 10.7295)
(21.6295 10.6710)
(22.3124 10.6710)
(22.3709 10.7295);
WIRE (29.9959 24.6650) (30.7100 24.6650)
(30.7398 24.6948)
(33.2502 22.1843)
(33.2502 16.9316)
(28.2972 11.9786)
(28.2972 11.6433)
(28.2972 7.0713)
(28.5343 6.8342)
(28.5344 6.8342)
(29.8720 5.4965)
(29.8720 5.1039)
(30.3769 4.5990)
(32.6150 4.5990)
(33.1199 5.1039)
(33.1199 5.8180)
(32.6150 6.3229)
(30.3769 6.3229)
(30.2836 6.2296)
(29.1067 7.4065)
(29.1067 11.6433)
(33.8226 16.3592)
(34.0597 16.5963)
(34.0597 22.1843)
(34.0597 22.5196)
(31.2149 25.3643)
(31.2149 27.4080)
(30.7100 27.9129)
(29.9959 27.9129)
(29.4910 27.4080)
(29.4910 25.1699)
(29.9959 24.6650);
WIRE (11.0250 6.5769) (10.5054 6.5769)
(10.0567 7.0256)
(10.0567 8.2360)
(10.7334 8.2360)
(10.7919 8.2945)
(10.7919 8.9774)
(10.7334 9.0359)
(9.7644 9.0359)
(9.7596 9.0407)
(9.4243 9.0407)
(9.4195 9.0359)
(8.4505 9.0359)
(8.3920 8.9774)
(8.3920 8.2945)
(8.4505 8.2360)
(9.2472 8.2360)
(9.2472 7.0256)
(9.2472 6.6903)
(9.8358 6.1017)
(9.8060 6.0720)
(9.8060 3.8339)
(10.3109 3.3290)
(11.0250 3.3290)
(11.5299 3.8339)
(11.5299 6.0720)
(11.0250 6.5769);
WIRE (22.9319 28.4433) (22.9319 29.9262)
(22.8734 29.9847)
(19.2905 29.9847)
(19.2320 29.9262)
(19.2320 28.4433)
(19.2905 28.3848)
(22.8734 28.3848)
(22.9319 28.4433);
WIRE (21.7155 21.1675) (21.7155 23.4348)
(21.6570 23.4933)
(21.2327 23.4933)
(21.2327 24.9783)
(21.2496 24.9952)
(27.1257 24.9952)
(27.4559 24.6650)
(27.5352 24.6650)
(27.5352 22.6923)
(27.7723 22.4552)
(28.7400 21.4875)
(28.7400 20.2135)
(28.7626 20.1910)
(27.7723 19.2007)
(25.2323 19.2007)
(24.9952 18.9636)
(22.8193 16.7877)
(20.8057 16.7877)
(20.5999 16.7905)
(20.5999 17.1984)
(20.5414 17.2569)
(17.5585 17.2569)
(17.5000 17.1984)
(17.5000 16.6607)
(16.8503 16.6607)
(14.9596 16.6607)
(14.7726 16.6607)
(13.0403 16.6607)
(12.8032 16.4236)
(11.2792 14.8996)
(11.2792 14.5643)
(11.2792 7.0713)
(11.5163 6.8342)
(12.3460 6.0046)
(12.3460 3.8339)
(12.4393 3.7407)
(11.5163 2.8177)
(6.7956 2.8177)
(5.2322 4.3810)
(6.0634 4.3810)
(6.1219 4.4395)
(6.1219 6.0224)
(6.0634 6.0809)
(3.0805 6.0809)
(3.0220 6.0224)
(3.0220 4.4395)
(3.0805 4.3810)
(4.1672 4.3810)
(4.1672 4.3013)
(6.2232 2.2453)
(6.4603 2.0082)
(11.5163 2.0082)
(11.8516 2.0082)
(13.1724 3.3290)
(13.5650 3.3290)
(14.0699 3.8339)
(14.0699 6.0720)
(13.5650 6.5769)
(12.9183 6.5769)
(12.0887 7.4066)
(12.0887 14.5643)
(13.3756 15.8512)
(14.7726 15.8512)
(14.9596 15.8512)
(16.6132 15.8512)
(16.6132 10.1193)
(16.8503 9.8822)
(16.8504 9.8822)
(17.2482 9.4844)
(17.2482 9.4843)
(17.4853 9.2472)
(20.4876 9.2472)
(20.7247 9.4843)
(21.1057 9.8653)
(21.1057 10.2006)
(21.1057 12.0386)
(21.1009 12.0434)
(21.1009 13.0124)
(21.0424 13.0709)
(20.3595 13.0709)
(20.3010 13.0124)
(20.3010 12.0434)
(20.2962 12.0386)
(20.2962 10.2006)
(20.1523 10.0567)
(17.8205 10.0567)
(17.4227 10.4545)
(17.4227 15.8512)
(17.5000 15.8512)
(17.5000 15.6155)
(17.5585 15.5570)
(20.5414 15.5570)
(20.5999 15.6155)
(20.5999 15.9782)
(20.6363 15.9782)
(20.8012 15.9782)
(20.8128 15.9782)
(22.8193 15.9782)
(23.1546 15.9782)
(25.5676 18.3912)
(27.7723 18.3912)
(28.1076 18.3912)
(29.8714 20.1550)
(31.8814 20.1550)
(31.9399 20.2135)
(31.9399 21.6964)
(31.8814 21.7549)
(29.6174 21.7549)
(28.3447 23.0276)
(28.3447 24.8397)
(28.6749 25.1699)
(28.6749 27.4080)
(28.1700 27.9129)
(27.4559 27.9129)
(26.9510 27.4080)
(26.9510 25.8047)
(20.9956 25.8047)
(20.6603 25.8047)
(15.8119 25.8047)
(15.8119 26.0024)
(15.7534 26.0609)
(14.1705 26.0609)
(14.1120 26.0024)
(14.1120 23.0195)
(14.1705 22.9610)
(15.7534 22.9610)
(15.8119 23.0195)
(15.8119 24.9952)
(20.4232 24.9952)
(20.4232 22.3926)
(20.4232 22.0573)
(20.4488 22.0317)
(20.4488 21.1675)
(20.5073 21.1090)
(21.6570 21.1090)
(21.7155 21.1675);
WIRE (15.9919 9.5645) (15.9919 10.2474)
(15.9334 10.3059)
(14.9644 10.3059)
(14.9596 10.3107)
(13.5026 10.3107)
(13.1673 10.3107)
(12.6593 9.8027)
(12.4222 9.5656)
(12.4222 8.1686)
(12.4222 7.8333)
(13.1842 7.0713)
(13.4213 6.8342)
(14.6913 6.8342)
(17.3752 4.1503)
(17.6123 3.9132)
(20.0253 3.9132)
(20.3606 3.9132)
(20.8686 4.4212)
(21.1057 4.6583)
(21.1057 6.8386)
(21.1009 6.8433)
(21.1009 7.8124)
(21.0424 7.8709)
(20.3595 7.8709)
(20.3010 7.8124)
(20.3010 6.8433)
(20.2962 6.8386)
(20.2962 4.9936)
(20.0253 4.7227)
(17.9476 4.7227)
(15.0266 7.6437)
(14.6913 7.6437)
(13.7566 7.6437)
(13.2317 8.1686)
(13.2317 9.2303)
(13.5026 9.5012)
(14.9596 9.5012)
(14.9644 9.5060)
(15.9334 9.5060)
(15.9919 9.5645);
WIRE (10.7919 9.5645) (10.7919 10.2474)
(10.7334 10.3059)
(9.7644 10.3059)
(9.7596 10.3107)
(8.2956 10.3107)
(7.9603 10.3107)
(7.1983 9.5487)
(6.9612 9.3116)
(6.9612 6.1366)
(6.9612 5.8340)
(6.9612 5.8013)
(7.0593 5.7032)
(7.2660 5.4276)
(7.2660 3.8339)
(7.7709 3.3290)
(8.4850 3.3290)
(8.9899 3.8339)
(8.9899 6.0720)
(8.4850 6.5769)
(7.7709 6.5769)
(7.7707 6.5766)
(7.7707 8.9763)
(8.2956 9.5012)
(9.7596 9.5012)
(9.7644 9.5060)
(10.7334 9.5060)
(10.7919 9.5645);
WIRE (13.6505 9.0359) (13.5920 8.9774)
(13.5920 8.2945)
(13.6505 8.2360)
(14.6195 8.2360)
(14.6243 8.2312)
(16.5963 8.2312)
(17.5022 7.3253)
(17.7393 7.0882)
(19.0262 7.0882)
(19.0262 6.5033)
(19.0310 6.4986)
(19.0310 5.5295)
(19.0895 5.4710)
(19.7724 5.4710)
(19.8309 5.5295)
(19.8309 6.4986)
(19.8357 6.5033)
(19.8357 7.6606)
(19.8309 7.6653)
(19.8309 7.8124)
(19.7724 7.8709)
(19.6253 7.8709)
(19.5986 7.8977)
(19.2633 7.8977)
(18.0746 7.8977)
(16.9316 9.0407)
(16.5963 9.0407)
(14.6243 9.0407)
(14.6195 9.0359)
(13.6505 9.0359);
WIRE (15.9919 10.8345) (15.9919 11.5174)
(15.9334 11.5759)
(13.6505 11.5759)
(13.5920 11.5174)
(13.5920 10.8345)
(13.6505 10.7760)
(15.9334 10.7760)
(15.9919 10.8345);
WIRE (15.9919 12.1045) (15.9919 12.7874)
(15.9334 12.8459)
(13.6505 12.8459)
(13.5920 12.7874)
(13.5920 12.1045)
(13.6505 12.0460)
(15.9334 12.0460)
(15.9919 12.1045);
WIRE (15.9919 14.6445) (15.9919 15.3274)
(15.9334 15.3859)
(13.6505 15.3859)
(13.5920 15.3274)
(13.5920 14.6445)
(13.6505 14.5860)
(15.9334 14.5860)
(15.9919 14.6445);
WIRE (10.7919 17.1845) (10.7919 17.8674)
(10.7334 17.9259)
(9.7644 17.9259)
(6.8217 20.8686)
(6.5846 21.1057)
(6.1219 21.1057)
(6.1219 21.7224)
(6.0634 21.7809)
(3.0805 21.7809)
(3.0220 21.7224)
(3.0220 20.1395)
(3.0805 20.0810)
(6.0634 20.0810)
(6.1219 20.1395)
(6.1219 20.2962)
(6.2493 20.2962)
(8.6197 17.9259)
(8.4505 17.9259)
(8.3920 17.8674)
(8.3920 17.1845)
(8.4505 17.1260)
(9.4195 17.1260)
(9.4243 17.1212)
(9.7596 17.1212)
(9.7644 17.1260)
(10.7334 17.1260)
(10.7919 17.1845);
WIRE (15.9919 13.3745) (15.9919 14.0574)
(15.9334 14.1159)
(13.6505 14.1159)
(13.5920 14.0574)
(13.5920 13.3745)
(13.6505 13.3160)
(15.9334 13.3160)
(15.9919 13.3745);
WIRE (8.4505 16.6559) (8.3920 16.5974)
(8.3920 15.9145)
(8.4505 15.8560)
(9.4195 15.8560)
(9.4243 15.8512)
(10.8813 15.8512)
(11.2166 15.8512)
(11.9786 16.6132)
(12.2157 16.8503)
(12.2157 18.3286)
(11.9786 18.5657)
(11.9785 18.5657)
(7.4779 23.0663)
(7.4779 26.0024)
(7.4194 26.0609)
(5.8365 26.0609)
(5.7780 26.0024)
(5.7780 23.0195)
(5.8365 22.9610)
(6.4386 22.9610)
(11.4062 17.9934)
(11.4062 17.1856)
(10.8813 16.6607)
(9.4243 16.6607)
(9.4195 16.6559)
(8.4505 16.6559);
WIRE (27.5827 15.8947) (27.9891 16.3010)
(27.9891 16.9729)
(27.5139 17.4481)
(26.8420 17.4481)
(26.3668 16.9729)
(26.3668 16.3010)
(26.7732 15.8947)
(26.7732 15.0097)
(20.1523 15.0097)
(19.9152 14.7726)
(19.0262 13.8836)
(19.0262 13.5483)
(19.0262 11.7033)
(19.0310 11.6985)
(19.0310 10.7295)
(19.0895 10.6710)
(19.7724 10.6710)
(19.8309 10.7295)
(19.8309 11.6985)
(19.8357 11.7033)
(19.8357 13.5483)
(20.4876 14.2002)
(26.7732 14.2002)
(26.7732 4.6126)
(26.7732 4.2773)
(28.2972 2.7533)
(28.5343 2.5162)
(32.8523 2.5162)
(33.1876 2.5162)
(34.2036 3.5322)
(34.4407 3.7693)
(34.4407 6.5633)
(34.4407 6.8986)
(33.1199 8.2194)
(33.1199 8.3580)
(32.6150 8.8629)
(30.3769 8.8629)
(29.8720 8.3580)
(29.8720 7.6439)
(30.3769 7.1390)
(32.6150 7.1390)
(32.8352 7.3593)
(33.6312 6.5633)
(33.6312 4.1046)
(32.8523 3.3257)
(28.8696 3.3257)
(27.5827 4.6126)
(27.5827 14.4373)
(27.5827 14.7726)
(27.5827 15.8947);
# 2. isolate

CHANGE WIDTH 0.8000;

change layer 102;
WIRE (29.0830 27.6504) (28.7691 27.9642)
(29.3968 27.9642)
(29.0830 27.6504);
WIRE (31.6230 27.6504) (31.3091 27.9642)
(31.9368 27.9642)
(31.6230 27.6504);
WIRE (34.1630 27.6504) (33.8491 27.9642)
(34.0588 27.9642)
(34.2678 27.7553)
(34.1630 27.6504);
WIRE (15.9439 22.5010) (16.2719 22.8290)
(16.2719 24.5352)
(19.9632 24.5352)
(19.9632 22.5831)
(19.9632 21.8668)
(19.9888 21.8412)
(19.9888 20.9770)
(20.2490 20.7169)
(19.6035 20.7169)
(19.8641 20.9774)
(19.8641 23.6257)
(19.5361 23.9537)
(18.0054 23.9537)
(17.6774 23.6257)
(17.6774 20.9774)
(17.8042 20.8506)
(17.8042 20.7169)
(17.3680 20.7169)
(17.2008 20.5497)
(16.6141 20.5497)
(14.6627 22.5010)
(15.9439 22.5010);
WIRE (17.0400 18.8202) (17.0400 18.7717)
(14.9631 18.7717)
(12.9297 20.8051)
(12.9297 21.7884)
(13.1038 21.6142)
(15.8978 18.8202)
(16.6141 18.8202)
(17.0400 18.8202);
WIRE (25.0418 19.6607) (24.5352 19.1541)
(22.6288 17.2477)
(21.8995 17.2477)
(24.3468 19.6950)
(27.2719 19.6950)
(27.5999 20.0230)
(27.5999 21.8869)
(27.2719 22.2149)
(24.4869 22.2149)
(24.4869 23.6249)
(24.1589 23.9529)
(22.6282 23.9529)
(22.3002 23.6249)
(22.3002 20.9766)
(22.5032 20.7736)
(22.5032 20.5968)
(22.6531 20.4469)
(21.0599 18.8537)
(21.0599 20.3889)
(20.7997 20.6490)
(21.8475 20.6490)
(22.1755 20.9770)
(22.1755 23.6253)
(21.8475 23.9533)
(21.6927 23.9533)
(21.6927 24.5352)
(26.9352 24.5352)
(27.0752 24.3952)
(27.0752 22.5018)
(27.5818 21.9952)
(28.2800 21.2970)
(28.2800 20.3589)
(27.5818 19.6607)
(25.0418 19.6607);
WIRE (28.1109 2.2617) (27.7045 2.6681)
(27.2567 2.6681)
(26.5187 3.4061)
(26.5187 3.8814)
(27.8372 2.5628)
(28.1384 2.2617)
(28.1109 2.2617);
WIRE (26.3132 7.9295) (24.1057 10.1371)
(24.1057 12.2291)
(24.1009 12.2339)
(24.1009 13.2029)
(23.7729 13.5309)
(22.7090 13.5309)
(22.6059 13.4278)
(22.5029 13.5309)
(21.4390 13.5309)
(21.3360 13.4278)
(21.2329 13.5309)
(20.4687 13.5309)
(20.6781 13.7402)
(26.3132 13.7402)
(26.3132 7.9295);
WIRE (30.1864 11.8629) (29.5667 11.2431)
(29.5667 11.4528)
(34.0131 15.8992)
(34.1872 16.0734)
(34.1872 14.4551)
(31.5950 11.8629)
(30.1864 11.8629);
WIRE (35.4572 3.5331) (34.1858 2.2617)
(33.5835 2.2617)
(34.3941 3.0722)
(34.9007 3.5788)
(34.9007 6.3728)
(34.9007 7.0891)
(33.5799 8.4099)
(33.5799 8.5485)
(32.8574 9.2709)
(33.5799 9.9934)
(33.5799 11.0885)
(33.4231 11.2452)
(35.4572 13.2794)
(35.4572 3.5331);
WIRE (35.4572 24.2050) (35.4572 24.0585)
(35.3107 24.2050)
(35.4572 24.2050);
WIRE (28.0427 14.2468) (28.0427 14.9631)
(28.0427 15.7041)
(28.4491 16.1104)
(28.4491 17.1635)
(27.7045 17.9081)
(26.6514 17.9081)
(25.9068 17.1635)
(25.9068 16.1104)
(26.3132 15.7041)
(26.3132 15.4697)
(21.0599 15.4697)
(21.0599 15.5182)
(22.6288 15.5182)
(23.3451 15.5182)
(25.7581 17.9312)
(27.5818 17.9312)
(28.2981 17.9312)
(30.0619 19.6950)
(32.0719 19.6950)
(32.3999 20.0230)
(32.3999 21.8869)
(32.0719 22.2149)
(29.8079 22.2149)
(28.8047 23.2181)
(28.8047 24.6492)
(29.0830 24.9275)
(29.8054 24.2050)
(30.5791 24.2050)
(32.7902 21.9938)
(32.7902 17.1221)
(28.0427 12.3745)
(28.0427 14.2468);
WIRE (30.1345 9.2709) (29.5667 8.7031)
(29.5667 9.8388)
(30.1345 9.2709);
WIRE (29.4120 4.9134) (30.1864 4.1390)
(32.8055 4.1390)
(33.1712 4.5048)
(33.1712 4.2951)
(32.6618 3.7857)
(29.0601 3.7857)
(28.0427 4.8031)
(28.0427 6.6754)
(28.3438 6.3742)
(28.3439 6.3742)
(29.4120 5.3060)
(29.4120 4.9134);
WIRE (18.5662 11.5128) (18.5710 11.5080)
(18.5710 10.5390)
(18.5934 10.5167)
(18.0110 10.5167)
(17.8827 10.6450)
(17.8827 15.0970)
(19.5892 15.0970)
(19.4552 14.9631)
(18.5662 14.0741)
(18.5662 13.3578)
(18.5662 11.5128);
WIRE (9.3979 3.5915) (9.7118 3.2777)
(9.0841 3.2777)
(9.3979 3.5915);
WIRE (26.4910 27.1732) (26.4910 26.2647)
(21.1861 26.2647)
(20.4698 26.2647)
(16.2000 26.2647)
(16.0245 26.4402)
(25.7581 26.4402)
(26.2647 26.9468)
(26.4910 27.1732);
WIRE (22.7090 8.3309) (22.6059 8.2278)
(22.5029 8.3309)
(21.4390 8.3309)
(21.3360 8.2278)
(21.2329 8.3309)
(20.1690 8.3309)
(20.0660 8.2278)
(19.9629 8.3309)
(19.8158 8.3309)
(19.7891 8.3577)
(19.0728 8.3577)
(18.2651 8.3577)
(17.8355 8.7872)
(20.6781 8.7872)
(21.1847 9.2938)
(21.5657 9.6748)
(21.5657 10.2110)
(22.3762 10.2110)
(22.3762 9.4208)
(22.8828 8.9142)
(23.4662 8.3309)
(22.7090 8.3309);
WIRE (18.5710 5.3390) (18.7274 5.1827)
(18.1381 5.1827)
(15.5495 7.7712)
(16.4058 7.7712)
(17.0422 7.1348)
(17.5488 6.6282)
(18.5662 6.6282)
(18.5662 6.3128)
(18.5710 6.3081)
(18.5710 5.3390);
WIRE (16.4519 9.6302) (16.5814 9.5007)
(16.4519 9.5007)
(16.4519 9.6302);
WIRE (18.6919 1.8807) (12.3745 1.8807)
(13.3629 2.8690)
(13.7555 2.8690)
(14.5299 3.6434)
(14.5299 6.2625)
(14.4181 6.3742)
(14.5008 6.3742)
(16.9152 3.9598)
(17.4218 3.4532)
(19.8348 3.4532)
(20.2644 3.4532)
(18.6919 1.8807);
WIRE (12.5487 14.3738) (13.1320 14.9572)
(13.1320 14.4540)
(13.2351 14.3509)
(13.1320 14.2479)
(13.1320 13.1840)
(13.2351 13.0810)
(13.1320 12.9779)
(13.1320 11.9140)
(13.2351 11.8110)
(13.1320 11.7079)
(13.1320 10.7707)
(12.9768 10.7707)
(12.5487 10.3425)
(12.5487 14.3738);
WIRE (5.3111 1.8807) (3.2707 3.9210)
(3.8970 3.9210)
(5.7632 2.0548)
(5.9374 1.8807)
(5.3111 1.8807);
WIRE (2.8900 13.6529) (2.6427 13.4055)
(2.6427 14.2804)
(2.8900 14.0330)
(5.4356 14.0330)
(5.7439 13.7342)
(5.8252 13.6529)
(2.8900 13.6529);
WIRE (6.5819 11.5812) (6.6754 11.5812)
(6.5819 11.4877)
(6.5819 11.5812);
WIRE (2.8900 9.5409) (2.6427 9.2935)
(2.6427 11.2804)
(2.8900 11.0330)
(6.1272 11.0330)
(4.6350 9.5409)
(2.8900 9.5409);
WIRE (6.5819 21.9129) (6.2539 22.2409)
(2.8900 22.2409)
(2.6427 21.9935)
(2.6427 24.7878)
(4.1681 26.3132)
(5.4384 26.3132)
(5.3180 26.1929)
(5.3180 22.8290)
(5.6460 22.5010)
(6.2481 22.5010)
(10.3632 18.3859)
(9.9549 18.3859)
(7.2817 21.0591)
(6.7751 21.5657)
(6.5819 21.5657)
(6.5819 21.9129);
WIRE (7.9320 17.8017) (7.5957 18.1381)
(7.0891 18.6447)
(6.5819 18.6447)
(6.5819 18.9129)
(6.2539 19.2409)
(2.8900 19.2409)
(2.6427 18.9935)
(2.6427 19.8684)
(2.8900 19.6210)
(6.2539 19.6210)
(6.2640 19.6311)
(7.9320 17.9630)
(7.9320 17.8017);
WIRE (6.2698 16.6370) (6.3742 16.7414)
(6.3742 16.5325)
(6.2698 16.6370);
WIRE (7.9379 26.1929) (7.8175 26.3132)
(7.8968 26.3132)
(8.3180 25.8920)
(8.3180 22.8767)
(7.9379 23.2568)
(7.9379 26.1929);
WIRE (10.6099 22.5010) (10.7950 22.6861)
(10.9800 22.5010)
(11.2002 22.5010)
(11.2002 20.0888)
(11.7068 19.5822)
(13.1816 18.1074)
(13.1320 18.0579)
(13.1320 17.1207)
(12.8498 17.1207)
(12.6757 16.9465)
(12.6757 18.5191)
(12.1691 19.0257)
(12.1690 19.0257)
(8.6937 22.5010)
(10.6099 22.5010);
WIRE (6.2539 6.5409) (2.8900 6.5409)
(2.6427 6.2935)
(2.6427 7.1684)
(2.8900 6.9210)
(6.2539 6.9210)
(6.5012 7.1684)
(6.5012 6.3271)
(6.5012 6.2935)
(6.2539 6.5409);
WIRE (6.8060 3.6434) (7.1718 3.2777)
(6.9861 3.2777)
(6.2983 3.9655)
(6.5819 4.2490)
(6.5819 5.5302)
(6.7110 5.4011)
(6.8060 5.2743)
(6.8060 3.6434);
WIRE (10.8192 7.7760) (10.8192 7.0369)
(10.6959 7.0369)
(10.5167 7.2161)
(10.5167 7.7760)
(10.8192 7.7760);
WIRE (8.2600 7.7760) (8.7872 7.7760)
(8.7872 7.2161)
(8.7872 6.9251)
(8.6755 7.0369)
(8.2307 7.0369)
(8.2307 7.8054)
(8.2600 7.7760);
WIRE (2.8741 16.6370) (2.6427 16.4055)
(2.6427 16.8684)
(2.8741 16.6370);
WIRE (39.0785 -0.5430) (38.4830 -1.1385)
(-0.3830 -1.1385)
(-0.9785 -0.5430)
(-0.9785 38.6430)
(-0.3830 39.2385)
(38.4830 39.2385)
(39.0785 38.6430)
(39.0785 -0.5430);
WIRE (23.3919 28.2528) (23.3919 30.1167)
(23.0639 30.4447)
(19.1000 30.4447)
(18.7720 30.1167)
(18.7720 28.2528)
(18.8552 28.1697)
(13.6118 28.1697)
(13.1052 27.6631)
(12.5972 27.1551)
(12.5972 26.5209)
(10.9800 26.5209)
(10.7950 26.3358)
(10.6099 26.5209)
(10.1349 26.5209)
(9.1197 27.5361)
(8.6131 28.0427)
(4.1681 28.0427)
(3.4518 28.0427)
(1.4198 26.0107)
(0.9132 25.5041)
(0.9132 4.5491)
(0.9132 3.8328)
(4.0882 0.6578)
(4.5948 0.1512)
(19.4081 0.1512)
(19.9147 0.6578)
(19.9147 0.6579)
(22.3290 3.0722)
(22.3291 3.0722)
(22.8357 3.5788)
(22.8357 5.0110)
(23.7729 5.0110)
(24.1009 5.3390)
(24.1009 6.5777)
(24.1057 6.6133)
(24.1057 7.0291)
(24.1009 7.0338)
(24.1009 7.6962)
(24.7892 7.0078)
(24.7892 2.6898)
(25.2958 2.1832)
(25.9068 1.5722)
(25.9068 0.8704)
(26.6514 0.1258)
(27.7045 0.1258)
(28.1109 0.5322)
(34.9021 0.5322)
(35.4087 1.0388)
(37.1867 2.8168)
(37.1867 3.5331)
(37.1867 24.8691)
(37.0326 25.0231)
(36.7549 25.5786)
(36.7549 27.5985)
(36.2977 28.0557)
(36.2977 28.1711)
(35.7911 28.6777)
(34.7751 29.6937)
(34.0588 29.6937)
(27.2821 29.6937)
(26.5658 29.6937)
(25.0418 28.1697)
(23.3087 28.1697)
(23.3919 28.2528);
# pouring

CHANGE WIDTH 0.8000;

change layer 102;
WIRE (-0.8815 -0.6400) (38.9815 -0.6400)
WIRE (39.0785 0.0000) (-0.9785 0.0000)
WIRE (-0.9785 0.6400) (4.1060 0.6400)
WIRE (19.8969 0.6400) (26.1372 0.6400)
WIRE (35.0099 0.6400) (39.0785 0.6400)
WIRE (39.0785 1.2800) (35.6499 1.2800)
WIRE (25.9068 1.2800) (20.5368 1.2800)
WIRE (3.4660 1.2800) (-0.9785 1.2800)
WIRE (-0.9785 1.9200) (2.8260 1.9200)
WIRE (5.2718 1.9200) (5.8980 1.9200)
WIRE (12.4138 1.9200) (18.7312 1.9200)
WIRE (21.1768 1.9200) (25.5590 1.9200)
WIRE (36.2899 1.9200) (39.0785 1.9200)
WIRE (39.0785 2.5600) (36.9299 2.5600)
WIRE (34.4841 2.5600) (33.8818 2.5600)
WIRE (27.8400 2.5600) (27.8126 2.5600)
WIRE (24.9190 2.5600) (21.8168 2.5600)
WIRE (19.3712 2.5600) (13.0538 2.5600)
WIRE (5.2580 2.5600) (4.6318 2.5600)
WIRE (2.1860 2.5600) (-0.9785 2.5600)
WIRE (-0.9785 3.2000) (1.5460 3.2000)
WIRE (3.9918 3.2000) (4.6180 3.2000)
WIRE (14.0865 3.2000) (20.0112 3.2000)
WIRE (22.4569 3.2000) (24.7892 3.2000)
WIRE (26.7248 3.2000) (27.2000 3.2000)
WIRE (34.5219 3.2000) (35.1241 3.2000)
WIRE (37.1867 3.2000) (39.0785 3.2000)
WIRE (39.0785 3.8400) (37.1867 3.8400)
WIRE (35.4572 3.8400) (34.9007 3.8400)
WIRE (32.7161 3.8400) (29.0058 3.8400)
WIRE (26.5600 3.8400) (26.5187 3.8400)
WIRE (24.7892 3.8400) (22.8357 3.8400)
WIRE (17.0350 3.8400) (14.5299 3.8400)
WIRE (6.8060 3.8400) (6.4238 3.8400)
WIRE (3.9780 3.8400) (3.3518 3.8400)
WIRE (0.9132 3.8400) (-0.9785 3.8400)
WIRE (-0.9785 4.4800) (0.9132 4.4800)
WIRE (6.5819 4.4800) (6.8060 4.4800)
WIRE (14.5299 4.4800) (16.3950 4.4800)
WIRE (22.8357 4.4800) (24.7892 4.4800)
WIRE (28.3658 4.4800) (29.8454 4.4800)
WIRE (33.1464 4.4800) (33.1712 4.4800)
WIRE (34.9007 4.4800) (35.4572 4.4800)
WIRE (37.1867 4.4800) (39.0785 4.4800)
WIRE (39.0785 5.1200) (37.1867 5.1200)
WIRE (35.4572 5.1200) (34.9007 5.1200)
WIRE (29.4120 5.1200) (28.0427 5.1200)
WIRE (24.7892 5.1200) (23.8819 5.1200)
WIRE (15.7550 5.1200) (14.5299 5.1200)
WIRE (6.8060 5.1200) (6.5819 5.1200)
WIRE (0.9132 5.1200) (-0.9785 5.1200)
WIRE (-0.9785 5.7600) (0.9132 5.7600)
WIRE (14.5299 5.7600) (15.1150 5.7600)
WIRE (17.5608 5.7600) (18.5710 5.7600)
WIRE (24.1009 5.7600) (24.7892 5.7600)
WIRE (28.0427 5.7600) (28.9580 5.7600)
WIRE (34.9007 5.7600) (35.4572 5.7600)
WIRE (37.1867 5.7600) (39.0785 5.7600)
WIRE (39.0785 6.4000) (37.1867 6.4000)
WIRE (35.4572 6.4000) (34.9007 6.4000)
WIRE (28.3180 6.4000) (28.0427 6.4000)
WIRE (24.7892 6.4000) (24.1009 6.4000)
WIRE (18.5662 6.4000) (16.9208 6.4000)
WIRE (6.5012 6.4000) (6.3948 6.4000)
WIRE (2.7492 6.4000) (2.6427 6.4000)
WIRE (0.9132 6.4000) (-0.9785 6.4000)
WIRE (-0.9785 7.0400) (0.9132 7.0400)
WIRE (2.6427 7.0400) (2.7710 7.0400)
WIRE (6.3728 7.0400) (6.5012 7.0400)
WIRE (8.2307 7.0400) (8.7872 7.0400)
WIRE (10.6928 7.0400) (10.8192 7.0400)
WIRE (16.2808 7.0400) (17.1370 7.0400)
WIRE (24.1009 7.0400) (24.7570 7.0400)
WIRE (34.9007 7.0400) (35.4572 7.0400)
WIRE (37.1867 7.0400) (39.0785 7.0400)
WIRE (39.0785 7.6800) (37.1867 7.6800)
WIRE (35.4572 7.6800) (34.3098 7.6800)
WIRE (24.1170 7.6800) (24.1009 7.6800)
WIRE (16.4970 7.6800) (15.6408 7.6800)
WIRE (10.8192 7.6800) (10.5167 7.6800)
WIRE (8.7872 7.6800) (8.2307 7.6800)
WIRE (0.9132 7.6800) (-0.9785 7.6800)
WIRE (-0.9785 8.3200) (0.9132 8.3200)
WIRE (19.9738 8.3200) (20.1582 8.3200)
WIRE (21.2438 8.3200) (21.4282 8.3200)
WIRE (22.5138 8.3200) (22.6981 8.3200)
WIRE (25.9228 8.3200) (26.3132 8.3200)
WIRE (33.6698 8.3200) (35.4572 8.3200)
WIRE (37.1867 8.3200) (39.0785 8.3200)
WIRE (39.0785 8.9600) (37.1867 8.9600)
WIRE (35.4572 8.9600) (33.1684 8.9600)
WIRE (29.8236 8.9600) (29.5667 8.9600)
WIRE (26.3132 8.9600) (25.2828 8.9600)
WIRE (22.8370 8.9600) (20.8509 8.9600)
WIRE (0.9132 8.9600) (-0.9785 8.9600)
WIRE (-0.9785 9.6000) (0.9132 9.6000)
WIRE (2.6427 9.6000) (4.6942 9.6000)
WIRE (16.4519 9.6000) (16.4821 9.6000)
WIRE (21.4909 9.6000) (22.3762 9.6000)
WIRE (24.6428 9.6000) (26.3132 9.6000)
WIRE (29.5667 9.6000) (29.8054 9.6000)
WIRE (33.1865 9.6000) (35.4572 9.6000)
WIRE (37.1867 9.6000) (39.0785 9.6000)
WIRE (39.0785 10.2400) (37.1867 10.2400)
WIRE (35.4572 10.2400) (33.5799 10.2400)
WIRE (26.3132 10.2400) (24.1057 10.2400)
WIRE (5.3342 10.2400) (2.6427 10.2400)
WIRE (0.9132 10.2400) (-0.9785 10.2400)
WIRE (-0.9785 10.8800) (0.9132 10.8800)
WIRE (2.6427 10.8800) (5.9742 10.8800)
WIRE (12.5487 10.8800) (13.1320 10.8800)
WIRE (17.8827 10.8800) (18.5710 10.8800)
WIRE (24.1057 10.8800) (26.3132 10.8800)
WIRE (33.5799 10.8800) (35.4572 10.8800)
WIRE (37.1867 10.8800) (39.0785 10.8800)
WIRE (39.0785 11.5200) (37.1867 11.5200)
WIRE (35.4572 11.5200) (33.6978 11.5200)
WIRE (29.8436 11.5200) (29.6339 11.5200)
WIRE (26.3132 11.5200) (24.1057 11.5200)
WIRE (18.5662 11.5200) (17.8827 11.5200)
WIRE (13.1320 11.5200) (12.5487 11.5200)
WIRE (6.6142 11.5200) (6.5819 11.5200)
WIRE (0.9132 11.5200) (-0.9785 11.5200)
WIRE (-0.9785 12.1600) (0.9132 12.1600)
WIRE (12.5487 12.1600) (13.1320 12.1600)
WIRE (17.8827 12.1600) (18.5662 12.1600)
WIRE (24.1057 12.1600) (26.3132 12.1600)
WIRE (30.2739 12.1600) (31.8921 12.1600)
WIRE (34.3378 12.1600) (35.4572 12.1600)
WIRE (37.1867 12.1600) (39.0785 12.1600)
WIRE (39.0785 12.8000) (37.1867 12.8000)
WIRE (35.4572 12.8000) (34.9778 12.8000)
WIRE (32.5321 12.8000) (30.9139 12.8000)
WIRE (28.4682 12.8000) (28.0427 12.8000)
WIRE (26.3132 12.8000) (24.1009 12.8000)
WIRE (18.5662 12.8000) (17.8827 12.8000)
WIRE (13.1320 12.8000) (12.5487 12.8000)
WIRE (0.9132 12.8000) (-0.9785 12.8000)
WIRE (-0.9785 13.4400) (0.9132 13.4400)
WIRE (2.6427 13.4400) (2.6772 13.4400)
WIRE (12.5487 13.4400) (13.1320 13.4400)
WIRE (17.8827 13.4400) (18.5662 13.4400)
WIRE (21.3238 13.4400) (21.3482 13.4400)
WIRE (22.5938 13.4400) (22.6181 13.4400)
WIRE (23.8638 13.4400) (26.3132 13.4400)
WIRE (28.0427 13.4400) (29.1082 13.4400)
WIRE (31.5539 13.4400) (33.1721 13.4400)
WIRE (37.1867 13.4400) (39.0785 13.4400)
WIRE (39.0785 14.0800) (37.1867 14.0800)
WIRE (33.8121 14.0800) (32.1939 14.0800)
WIRE (29.7482 14.0800) (28.0427 14.0800)
WIRE (18.5721 14.0800) (17.8827 14.0800)
WIRE (13.1320 14.0800) (12.5487 14.0800)
WIRE (2.8430 14.0800) (2.6427 14.0800)
WIRE (0.9132 14.0800) (-0.9785 14.0800)
WIRE (-0.9785 14.7200) (0.9132 14.7200)
WIRE (12.8948 14.7200) (13.1320 14.7200)
WIRE (17.8827 14.7200) (19.2121 14.7200)
WIRE (28.0427 14.7200) (30.3882 14.7200)
WIRE (32.8339 14.7200) (34.1872 14.7200)
WIRE (37.1867 14.7200) (39.0785 14.7200)
WIRE (39.0785 15.3600) (37.1867 15.3600)
WIRE (34.1872 15.3600) (33.4739 15.3600)
WIRE (31.0282 15.3600) (28.0427 15.3600)
WIRE (0.9132 15.3600) (-0.9785 15.3600)
WIRE (-0.9785 16.0000) (0.9132 16.0000)
WIRE (23.8269 16.0000) (26.0172 16.0000)
WIRE (28.3386 16.0000) (31.6682 16.0000)
WIRE (34.1138 16.0000) (34.1872 16.0000)
WIRE (37.1867 16.0000) (39.0785 16.0000)
WIRE (39.0785 16.6400) (37.1867 16.6400)
WIRE (32.3082 16.6400) (28.4491 16.6400)
WIRE (25.9068 16.6400) (24.4669 16.6400)
WIRE (6.3742 16.6400) (6.2728 16.6400)
WIRE (2.8711 16.6400) (2.6427 16.6400)
WIRE (0.9132 16.6400) (-0.9785 16.6400)
WIRE (-0.9785 17.2800) (0.9132 17.2800)
WIRE (12.6757 17.2800) (13.1320 17.2800)
WIRE (21.9318 17.2800) (22.6611 17.2800)
WIRE (25.1069 17.2800) (26.0233 17.2800)
WIRE (28.3326 17.2800) (32.7902 17.2800)
WIRE (37.1867 17.2800) (39.0785 17.2800)
WIRE (39.0785 17.9200) (37.1867 17.9200)
WIRE (32.7902 17.9200) (25.7469 17.9200)
WIRE (23.3011 17.9200) (22.5718 17.9200)
WIRE (13.1320 17.9200) (12.6757 17.9200)
WIRE (7.9320 17.9200) (7.8138 17.9200)
WIRE (0.9132 17.9200) (-0.9785 17.9200)
WIRE (-0.9785 18.5600) (0.9132 18.5600)
WIRE (7.1738 18.5600) (7.3350 18.5600)
WIRE (9.7808 18.5600) (10.1891 18.5600)
WIRE (12.6348 18.5600) (12.7290 18.5600)
WIRE (23.2118 18.5600) (23.9411 18.5600)
WIRE (28.9269 18.5600) (32.7902 18.5600)
WIRE (37.1867 18.5600) (39.0785 18.5600)
WIRE (39.0785 19.2000) (37.1867 19.2000)
WIRE (32.7902 19.2000) (29.5669 19.2000)
WIRE (24.5811 19.2000) (23.8518 19.2000)
WIRE (21.4062 19.2000) (21.0599 19.2000)
WIRE (15.5180 19.2000) (14.5348 19.2000)
WIRE (12.0890 19.2000) (11.9947 19.2000)
WIRE (9.5491 19.2000) (9.1408 19.2000)
WIRE (6.6950 19.2000) (6.2948 19.2000)
WIRE (2.8492 19.2000) (2.6427 19.2000)
WIRE (0.9132 19.2000) (-0.9785 19.2000)
WIRE (-0.9785 19.8400) (0.9132 19.8400)
WIRE (2.6427 19.8400) (2.6710 19.8400)
WIRE (8.5008 19.8400) (8.9091 19.8400)
WIRE (11.3547 19.8400) (11.4490 19.8400)
WIRE (13.8948 19.8400) (14.8780 19.8400)
WIRE (21.0599 19.8400) (22.0462 19.8400)
WIRE (27.4169 19.8400) (27.7611 19.8400)
WIRE (32.2169 19.8400) (32.7902 19.8400)
WIRE (37.1867 19.8400) (39.0785 19.8400)
WIRE (39.0785 20.4800) (37.1867 20.4800)
WIRE (32.7902 20.4800) (32.3999 20.4800)
WIRE (28.2800 20.4800) (27.5999 20.4800)
WIRE (22.6200 20.4800) (20.9688 20.4800)
WIRE (14.2380 20.4800) (13.2548 20.4800)
WIRE (11.2002 20.4800) (10.7147 20.4800)
WIRE (8.2691 20.4800) (7.8608 20.4800)
WIRE (0.9132 20.4800) (-0.9785 20.4800)
WIRE (-0.9785 21.1200) (0.9132 21.1200)
WIRE (7.2208 21.1200) (7.6291 21.1200)
WIRE (10.0747 21.1200) (11.2002 21.1200)
WIRE (12.9297 21.1200) (13.5980 21.1200)
WIRE (16.0438 21.1200) (17.6774 21.1200)
WIRE (19.8641 21.1200) (19.9888 21.1200)
WIRE (22.1755 21.1200) (22.3002 21.1200)
WIRE (27.5999 21.1200) (28.2800 21.1200)
WIRE (32.3999 21.1200) (32.7902 21.1200)
WIRE (37.1867 21.1200) (39.0785 21.1200)
WIRE (39.0785 21.7600) (37.1867 21.7600)
WIRE (32.7902 21.7600) (32.3999 21.7600)
WIRE (27.8170 21.7600) (27.5999 21.7600)
WIRE (22.3002 21.7600) (22.1755 21.7600)
WIRE (19.9888 21.7600) (19.8641 21.7600)
WIRE (17.6774 21.7600) (15.4038 21.7600)
WIRE (12.9580 21.7600) (12.9297 21.7600)
WIRE (11.2002 21.7600) (9.4347 21.7600)
WIRE (6.9891 21.7600) (6.5819 21.7600)
WIRE (0.9132 21.7600) (-0.9785 21.7600)
WIRE (-0.9785 22.4000) (0.9132 22.4000)
WIRE (2.6427 22.4000) (6.3491 22.4000)
WIRE (8.7947 22.4000) (11.2002 22.4000)
WIRE (14.7638 22.4000) (17.6774 22.4000)
WIRE (19.8641 22.4000) (19.9632 22.4000)
WIRE (22.1755 22.4000) (22.3002 22.4000)
WIRE (24.4869 22.4000) (27.1770 22.4000)
WIRE (29.6228 22.4000) (32.3840 22.4000)
WIRE (37.1867 22.4000) (39.0785 22.4000)
WIRE (39.0785 23.0400) (37.1867 23.0400)
WIRE (31.7440 23.0400) (28.9828 23.0400)
WIRE (27.0752 23.0400) (24.4869 23.0400)
WIRE (22.3002 23.0400) (22.1755 23.0400)
WIRE (19.9632 23.0400) (19.8641 23.0400)
WIRE (17.6774 23.0400) (16.2719 23.0400)
WIRE (8.3180 23.0400) (8.1547 23.0400)
WIRE (5.3180 23.0400) (2.6427 23.0400)
WIRE (0.9132 23.0400) (-0.9785 23.0400)
WIRE (-0.9785 23.6800) (0.9132 23.6800)
WIRE (2.6427 23.6800) (5.3180 23.6800)
WIRE (7.9379 23.6800) (8.3180 23.6800)
WIRE (16.2719 23.6800) (17.7317 23.6800)
WIRE (19.8098 23.6800) (19.9632 23.6800)
WIRE (22.1208 23.6800) (22.3553 23.6800)
WIRE (24.4318 23.6800) (27.0752 23.6800)
WIRE (28.8047 23.6800) (31.1040 23.6800)
WIRE (37.1867 23.6800) (39.0785 23.6800)
WIRE (39.0785 24.3200) (37.1867 24.3200)
WIRE (29.6904 24.3200) (28.8047 24.3200)
WIRE (27.0752 24.3200) (21.6927 24.3200)
WIRE (19.9632 24.3200) (16.2719 24.3200)
WIRE (8.3180 24.3200) (7.9379 24.3200)
WIRE (5.3180 24.3200) (2.6427 24.3200)
WIRE (0.9132 24.3200) (-0.9785 24.3200)
WIRE (-0.9785 24.9600) (0.9132 24.9600)
WIRE (2.8149 24.9600) (5.3180 24.9600)
WIRE (7.9379 24.9600) (8.3180 24.9600)
WIRE (37.0958 24.9600) (39.0785 24.9600)
WIRE (39.0785 25.6000) (36.7549 25.6000)
WIRE (8.3180 25.6000) (7.9379 25.6000)
WIRE (5.3180 25.6000) (3.4549 25.6000)
WIRE (1.0091 25.6000) (-0.9785 25.6000)
WIRE (-0.9785 26.2400) (1.6491 26.2400)
WIRE (4.0949 26.2400) (5.3652 26.2400)
WIRE (7.8908 26.2400) (7.9700 26.2400)
WIRE (36.7549 26.2400) (39.0785 26.2400)
WIRE (39.0785 26.8800) (36.7549 26.8800)
WIRE (26.4910 26.8800) (26.1979 26.8800)
WIRE (12.5972 26.8800) (9.7758 26.8800)
WIRE (2.2891 26.8800) (-0.9785 26.8800)
WIRE (-0.9785 27.5200) (2.9291 27.5200)
WIRE (9.1358 27.5200) (12.9621 27.5200)
WIRE (36.7549 27.5200) (39.0785 27.5200)
WIRE (39.0785 28.1600) (36.2977 28.1600)
WIRE (13.6021 28.1600) (-0.9785 28.1600)
WIRE (-0.9785 28.8000) (18.7720 28.8000)
WIRE (23.3919 28.8000) (25.6721 28.8000)
WIRE (35.6688 28.8000) (39.0785 28.8000)
WIRE (39.0785 29.4400) (35.0288 29.4400)
WIRE (26.3121 29.4400) (23.3919 29.4400)
WIRE (18.7720 29.4400) (-0.9785 29.4400)
WIRE (-0.9785 30.0800) (18.7720 30.0800)
WIRE (23.3919 30.0800) (39.0785 30.0800)
WIRE (39.0785 30.7200) (-0.9785 30.7200)
WIRE (-0.9785 31.3600) (39.0785 31.3600)
WIRE (39.0785 32.0000) (-0.9785 32.0000)
WIRE (-0.9785 32.6400) (39.0785 32.6400)
WIRE (39.0785 33.2800) (-0.9785 33.2800)
WIRE (-0.9785 33.9200) (39.0785 33.9200)
WIRE (39.0785 34.5600) (-0.9785 34.5600)
WIRE (-0.9785 35.2000) (39.0785 35.2000)
WIRE (39.0785 35.8400) (-0.9785 35.8400)
WIRE (-0.9785 36.4800) (39.0785 36.4800)
WIRE (39.0785 37.1200) (-0.9785 37.1200)
WIRE (-0.9785 37.7600) (39.0785 37.7600)
WIRE (39.0785 38.4000) (-0.9785 38.4000)
WIRE (-0.5815 39.0400) (38.6815 39.0400)
WIRE (0.0000 0.0000) (0.0000 0.0000)
# milling dimension

CHANGE WIDTH 2.0000;

CHANGE LAYER 103;
WIRE (37.2274 -2.1369) (38.8965 -2.1369)
(40.0769 -0.9565)
(40.0769 37.3874)
(40.0769 39.0565)
(38.8965 40.2369)
(0.8725 40.2369)
(-0.7965 40.2369)
(-1.9769 39.0565)
(-1.9769 -0.9565)
(-0.7965 -2.1369)
(0.8725 -2.1369)
(37.2274 -2.1369);
